function [Voltage_output, phasors] = ieee123_iter(loads, Zbus, Cbus)

% voltage regulator: 150R
tapA150R = 1.0 + 0.00625 * 0;
tapB150R = 1.0 + 0.00625 * 0;
tapC150R = 1.0 + 0.00625 * 0;
alpha150R = [tapA150R; tapB150R; tapC150R];
alphaM150R = alpha150R * alpha150R';

% voltage regulator: 9R
tapA9R = 1.0 + 0.00625 * 0;
alpha9R = tapA9R;
alphaM9R = alpha9R * alpha9R';

% voltage regulator: 25R
tapA25R = 1.0 + 0.00625 * 0;
tapC25R = 1.0 + 0.00625 * 0;
alpha25R = [tapA25R; tapC25R];
alphaM25R = alpha25R * alpha25R';

% voltage regulator: 160R
tapA160R = 1.0 + 0.00625 * 0;
tapB160R = 1.0 + 0.00625 * 0;
tapC160R = 1.0 + 0.00625 * 0;
alpha160R = [tapA160R; tapB160R; tapC160R];
alphaM160R = alpha160R * alpha160R';

Z12 = Zbus([11],[13]);
Z13 = Zbus([12],[14]);
Z17 = Zbus([10, 11, 12],[15, 16, 17]);
Z34 = Zbus([14],[18]);
Z35 = Zbus([14],[19]);
Z56 = Zbus([19],[20]);
Z78 = Zbus([15, 16, 17],[21, 22, 23]);
Z812 = Zbus([22],[24]);
Z89 = Zbus([21],[25]);
Z813 = Zbus([21, 22, 23],[26, 27, 28]);
Z9R14 = Zbus([29],[30]);
Z1334 = Zbus([28],[31]);
Z1318 = Zbus([26, 27, 28],[32, 33, 34]);
Z1411 = Zbus([30],[35]);
Z1410 = Zbus([30],[36]);
Z1516 = Zbus([37],[38]);
Z1517 = Zbus([37],[39]);
Z1819 = Zbus([32],[40]);
Z1821 = Zbus([32, 33, 34],[41, 42, 43]);
Z1920 = Zbus([40],[44]);
Z2122 = Zbus([42],[45]);
Z2123 = Zbus([41, 42, 43],[46, 47, 48]);
Z2324 = Zbus([48],[49]);
Z2325 = Zbus([46, 47, 48],[50, 51, 52]);
Z25R26 = Zbus([53, 54],[55, 56]);
Z2528 = Zbus([50, 51, 52],[57, 58, 59]);
Z2627 = Zbus([55, 56],[60, 61]);
Z2631 = Zbus([56],[62]);
Z2733 = Zbus([60],[63]);
Z2829 = Zbus([57, 58, 59],[64, 65, 66]);
Z2930 = Zbus([64, 65, 66],[67, 68, 69]);
Z30250 = Zbus([67, 68, 69],[70, 71, 72]);
Z3132 = Zbus([62],[73]);
Z3415 = Zbus([31],[37]);
Z3536 = Zbus([74, 75],[76, 77]);
Z3540 = Zbus([74, 75, 78],[79, 80, 81]);
Z3637 = Zbus([76],[82]);
Z3638 = Zbus([77],[83]);
Z3839 = Zbus([83],[84]);
Z4041 = Zbus([81],[85]);
Z4042 = Zbus([79, 80, 81],[86, 87, 88]);
Z4243 = Zbus([87],[89]);
Z4244 = Zbus([86, 87, 88],[90, 91, 92]);
Z4445 = Zbus([90],[93]);
Z4447 = Zbus([90, 91, 92],[94, 95, 96]);
Z4546 = Zbus([93],[97]);
Z4748 = Zbus([94, 95, 96],[98, 99, 100]);
Z4749 = Zbus([94, 95, 96],[101, 102, 103]);
Z4950 = Zbus([101, 102, 103],[104, 105, 106]);
Z5051 = Zbus([104, 105, 106],[107, 108, 109]);
Z5253 = Zbus([113, 114, 115],[116, 117, 118]);
Z5354 = Zbus([116, 117, 118],[119, 120, 121]);
Z5455 = Zbus([119, 120, 121],[122, 123, 124]);
Z5457 = Zbus([119, 120, 121],[125, 126, 127]);
Z5556 = Zbus([122, 123, 124],[128, 129, 130]);
Z5758 = Zbus([126],[131]);
Z5760 = Zbus([125, 126, 127],[132, 133, 134]);
Z5859 = Zbus([131],[135]);
Z6061 = Zbus([132, 133, 134],[136, 137, 138]);
Z6062 = Zbus([132, 133, 134],[139, 140, 141]);
Z6263 = Zbus([139, 140, 141],[142, 143, 144]);
Z6364 = Zbus([142, 143, 144],[145, 146, 147]);
Z6465 = Zbus([145, 146, 147],[148, 149, 150]);
Z6566 = Zbus([148, 149, 150],[151, 152, 153]);
Z6768 = Zbus([154],[155]);
Z6772 = Zbus([154, 156, 157],[158, 159, 160]);
Z6797 = Zbus([154, 156, 157],[161, 162, 163]);
Z6869 = Zbus([155],[164]);
Z6970 = Zbus([164],[165]);
Z7071 = Zbus([165],[166]);
Z7273 = Zbus([160],[167]);
Z7276 = Zbus([158, 159, 160],[168, 169, 170]);
Z7374 = Zbus([167],[171]);
Z7475 = Zbus([171],[172]);
Z7677 = Zbus([168, 169, 170],[173, 174, 175]);
Z7686 = Zbus([168, 169, 170],[176, 177, 178]);
Z7778 = Zbus([173, 174, 175],[179, 180, 181]);
Z7879 = Zbus([179, 180, 181],[182, 183, 184]);
Z7880 = Zbus([179, 180, 181],[185, 186, 187]);
Z8081 = Zbus([185, 186, 187],[188, 189, 190]);
Z8182 = Zbus([188, 189, 190],[191, 192, 193]);
Z8184 = Zbus([190],[194]);
Z8283 = Zbus([191, 192, 193],[195, 196, 197]);
Z8485 = Zbus([194],[198]);
Z8687 = Zbus([176, 177, 178],[199, 200, 201]);
Z8788 = Zbus([199],[202]);
Z8789 = Zbus([199, 200, 201],[203, 204, 205]);
Z8990 = Zbus([204],[206]);
Z8991 = Zbus([203, 204, 205],[207, 208, 209]);
Z9192 = Zbus([209],[210]);
Z9193 = Zbus([207, 208, 209],[211, 212, 213]);
Z9394 = Zbus([211],[214]);
Z9395 = Zbus([211, 212, 213],[215, 216, 217]);
Z9596 = Zbus([216],[218]);
Z9798 = Zbus([161, 162, 163],[219, 220, 221]);
Z9899 = Zbus([219, 220, 221],[222, 223, 224]);
Z99100 = Zbus([222, 223, 224],[225, 226, 227]);
Z100450 = Zbus([225, 226, 227],[228, 229, 230]);
Z101102 = Zbus([236],[237]);
Z101105 = Zbus([234, 235, 236],[238, 239, 240]);
Z102103 = Zbus([237],[241]);
Z103104 = Zbus([241],[242]);
Z105106 = Zbus([239],[243]);
Z105108 = Zbus([238, 239, 240],[244, 245, 246]);
Z106107 = Zbus([243],[247]);
Z108109 = Zbus([244],[248]);
Z108300 = Zbus([244, 245, 246],[249, 250, 251]);
Z109110 = Zbus([248],[252]);
Z110111 = Zbus([252],[253]);
Z110112 = Zbus([252],[254]);
Z112113 = Zbus([254],[255]);
Z113114 = Zbus([255],[256]);
Z13535 = Zbus([257, 258, 259],[74, 75, 78]);
Z1491 = Zbus([7, 8, 9],[10, 11, 12]);
Z15252 = Zbus([260, 261, 262],[113, 114, 115]);
Z160R67 = Zbus([263, 264, 265],[154, 156, 157]);
Z197101 = Zbus([231, 232, 233],[234, 235, 236]);
Z51151 = Zbus([107, 108, 109],[110, 111, 112]);
Z150150R = Zbus([1, 2, 3],[4, 5, 6]);
Z99R = Zbus([25],[29]);
Z2525R = Zbus([50, 52],[53, 54]);
Z160160R = Zbus([266, 267, 268],[263, 264, 265]);
Z61S610 = Zbus([269, 270, 271],[276, 277, 278]);
Z150R149 = Zbus([4, 5, 6],[7, 8, 9]);
Z13152 = Zbus([26, 27, 28],[260, 261, 262]);
Z18135 = Zbus([32, 33, 34],[257, 258, 259]);
Z60160 = Zbus([132, 133, 134],[266, 267, 268]);
Z97197 = Zbus([161, 162, 163],[231, 232, 233]);
Z6161S = Zbus([136, 137, 138],[269, 270, 271]);
Z151300_OPEN = Zbus([110, 111, 112],[272, 273, 274]);
Z5494_OPEN = Zbus([119],[275]);


% three phase voltage at slack bus
Vbase = 4160 / sqrt(3);
v0=1.00 * Vbase * [0,sqrt(3),0]';
% voltage upper and lower bounds
V_lb = 0.90 * Vbase;
V_ub = 1.055 * Vbase;
v_lb = V_lb * V_lb;
v_ub = V_ub * V_ub;

% sequential component parameters
a = -0.5 + 0.5 * i * sqrt(3);
A = 1/sqrt(3) * [1,1,1; 1, a*a, a; 1, a, a*a];
AH = 1/sqrt(3) * [1,1,1; 1, a, a*a; 1, a*a, a];
